100000762378695
100000991099217
100000464494674
100000446196386
100000555426533
100000968942720
100000552898346
100000273201335
100000499716140
100000779611443
100000238962287
100000210343603
100000602892417
100000818222728
100000628475528
100000330057603
100000208721007
100000117876983
100000242427655
100000997813121
100000339485279
100000900057779
100000489416928
100000302401175
100000391531494
100000238877902
100000774837068
100000877194000
100000601084230
100000119768660
100000475749091
100000649575291
100000620889806
100000981355732
100000884998231
100000754538370
100000429487932
100000503245998
100000145108631
100000856856032
100000909912598
100000413158475
100000358057057
100000501267467
100000416278753
100000289153011
100000218226608
100000863675234
100000185993971
100000898725363
100000413592913
100000883866364
100000781921035
100000909061522
100000966050595
100000729659372
100000756751212
100000514041835
100000549577805
100000929361000
100000288294093
100000905689119
100000845766755
100000491182386
100000436873365
100000989390173
100000894018443
100000379394713
100000203958387
100000306842799
100000707490188
100000861991141
100000675486070
100000246833570
100000280366653
100000222588225
100000798534952
100000629869552
100000402605715
100000244434844
100000620358611
100000222462434
100000377756385
100000173625058
100000801566070
100000453505082
100000763496651
100000635246910
100000502767590
100000422950250
100000476065163
100000478384750
100000134582399
100000732369815
100000392224617
100000987923330
100000353189829
100000762784750
100000335655148
100000573781067
100000333703687
100000114669501
100000981359366
100000429477021
100000585393828
100000550063900
100000791804087
100000736387670
100000170884492
100000768003608
100000587929258
100000615726346
100000355455618
100000765219074
100000765036514
100000210805104
100000341090868
100000134330814
100000330572063
100000317180198
100000664833760
100000162747216
100000776500616
100000735672431
100000771431144
100000254624011
100000310049100
100000620454630
100000321817351
100000156304832
100000153810167
100000833720805
100000497696334
100000241077855
100000682523564
100000412572142
100000457587383
100000283480786
100000508465732
100000856207799
100000427593302
100000629743313
100000980627262
100000302976857
100000820241086
100000215252032
100000428240440
100000714640759
100000661466067
100000706215941
100000173267726
100000596170190
100000378421968
100000928743352
100000309367021
100000335095422
100000210215522
100000675393649
100000695600918
100000471227560
100000777612601
100000628758170
100000742012352
100000380250820
100000524609522
100000878783227
100000309838103
100000289288546
100000543612082
100000796131633
100000830677585
100000494379163
100000655880626
100000249700501
100000542946288
100000441521589
100000341105338
100000444114028
100000243184807
100000139460183
100000793700309
100000118855988
100000606247119
100000682641417
100000755641810
100000936502551
100000752400385
100000462769768
100000548190955
100000746430184
100000313363451
100000539169734
100000343304434
100000323733353
100000225187378
100000484315535
100000401890066
100000534427212
100000684516933
100000536471165
100000115667438
100000290366417
100000996074307
100000459414501
100000190058907
100000999550685
100000768084865
100000903044934
100000676264256
100000586479245
100000709667721
100000678561498
100000805569914
100000776335679
100000656163571
100000629430757
100000584004866
100000684001870
100000513252496
100000807647676
100000919947595
100000796850425
100000513692098
100000544201962
100000550433981
100000632741915
100000364163276
100000576677014
100000153082935
100000177608243
100000298140734
100000538940700
100000746227841
100000930915593
100000400641673
100000762041073
100000114140609
100000987905391
100000687148835
100000816669498
100000259984165
100000498403806
100000953425298
100000265582943
100000221801922
100000501716775
100000132585454
100000923824824
100000543950460
100000798306683
100000341391885
100000664966069
100000480989468
100000534852316
100000406106903
100000249326008
100000452719804
100000432535386
100000753932797
100000506382404
100000782862040
100000398394873
100000992948659
100000719240267
100000454368772
100000223163500
100000294221263
100000552980009
100000970179306
100000205443330
100000424694127
100000209323033
100000128742784
100000169076017
100000167360548
100000889281967
100000912749501
100000525907132
100000557736784
100000336115696
100000587718394
100000626337556
100000874634076
100000786742451
100000785409736
100000475351848
100000650261172
100000498818185
100000467691663
100000947660531
100000533221723
100000567881377
100000785564096
100000527610609
100000479693362
100000175107235
100000321269813
100000805169699
100000724135923
100000975675659
100000614165308
100000450028025
100000734318486
100000934179244
100000159717226
100000158139204
100000275303417
100000639028956
100000161175808
100000657788214
100000388435097
100000180766657
100000521278741
100000499685577
100000570105859
100000734212581
100000221194812
100000638504752
100000661095288
100000843924862
100000507636952
100000968765830
100000432655459
100000252993107
100000196819045
100000902193977
100000653887538
100000845741207
100000593727206
100000124858009
100000699977182
100000387301611
100000987090174
100000622794364
100000491718720
100000238038668
100000856989513
100000216887190
100000799245334
100000907054678
100000467752691
100000307139249
100000447371833
100000688331515
100000772176877
100000120904223
100000721235490
100000995985042
100000661415713
100000171570569
100000236566264
100000154376137
100000386299800
100000496358142
100000890577684
100000567411397
100000459024895
100000846428861
100000977686541
100000394479604
100000307673182
100000581172007
100000256574721
100000142100275
100000968262820
100000921350763
100000706911214
100000344062739
100000528601614
100000991105844
100000345327155
100000898615147
100000695240975
100000405268209
100000887189687
100000375432472
100000253652763
100000531896374
100000317196707
100000504680231
100000565942853
100000197143595
100000495920842
100000616414609
100000960467091
100000778430431
100000277010927
100000770049162
100000847799292
100000305412714
100000515237475
100000129828842
100000427072228
100000610980099
100000822419059
100000894256049
100000662302993
100000785495875
100000591334478
100000649695432
100000155209817
100000316041624
100000144609577
100000681907952
100000987672983
100000541275385
100000413637856
100000749536672
100000909086835
100000537735137
100000870964652
100000320397313
100000907979153
100000562320246
100000771011946
100000991455155
100000347830378
100000887654831
100000273167309
100000732118317
100000243498214
100000289102663
100000825849640
100000209925159
100000373235300
100000584968902
100000353683159
100000480374057
100000202812673
100000214147259
100000976793243
100000340638107
100000901786050
100000338520791
100000315952570
100000532244073
100000334220200
100000348857971
100000800350800
100000782934661
100000260647899
100000424192496
100000939995448
100000618056679
100000817322917
100000313055991
100000168052069
100000499294968
100000548753227
100000259165621
100000770676997
100000725944416
100000821865608
100000683834014
100000561354169
100000528446885
100000302421203
100000867419632
100000910843102
100000440515828
100000283292551
100000601527116
100000387863542
100000664060706
100000651988805
100000746664380
100000725990903
100000481221952
100000422657705
100000674070584
100000847905746
100000911550389
100000675170146
100000293978362
100000263895636
100000971456450
100000618984265
100000597469351
100000923341171
100000407847625
100000452433636
100000817312023
100000902190505
100000212722580
100000275288275
100000352762455
100000182055333
100000352875712
100000945995760
100000982290794
100000743425025
100000157709892
100000212145702
100000117024049
100000944942361
100000589413261
100000441139635
100000256444678
100000974511457
100000938350481
100000961317441
100000478104943
100000175138892
100000507185281
100000743820260
100000462136859
100000230503499
100000635301279
100000362175962
100000344235823
100000411813427
100000787387942
100000441998118
100000499320027
100000243751453
100000913662175
100000200432324
100000685102408
100000555557172
100000557763945
100000779440462
100000752854599
100000958724957
100000479372032
100000481236918
100000709254449
100000272919270
100000673723958
100000956379543
100000923716480
100000754814998
100000601072071
100000912963541
100000487001946
100000544166665
100000387145766
100000992217163
100000735329186
100000146604241
100000162525626
100000121563142
100000266613842
100000723435032
100000970482109
100000456355621
100000892640348
100000647549558
100000926924750
100000336596761
100000843771998
100000408492061
100000666514288
100000818430910
100000486038589
100000766692816
100000436742642
100000189488291
100000270519625
100000238338026
100000459362261
100000593969590
100000628779369
100000879818853
100000321312463
100000660448358
100000739672214
100000367271304
100000711273010
100000221763498
100000985721695
100000382403602
100000226181888
100000273156979
100000539012839
100000872127001
100000152883824
100000956934116
100000666826328
100000622324572
100000164751350
100000884367755
100000363737078
100000310902128
100000342486768
100000706871593
100000225093760
100000576416632
100000386914525
100000673929004
100000454109311
100000142771954
100000835107172
100000949458352
100000965271244
100000143044659
100000240998767
100000256606611
100000806746956
100000184150343
100000571623285
100000265349450
100000895137488
100000247611779
100000390652185
100000153999188
100000182751449
100000989617338
100000377679338
100000742756646
100000196575138
100000663363233
100000789958209
100000740880449
100000286451255
100000197946152
100000979807808
100000972492860
100000213653528
100000951501587
100000911162373
100000186716517
100000237953310
100000480216450
100000371206318
100000987210563
100000182047182
100000115763091
100000864778715
100000986064666
100000794859990
100000709072463
100000565797931
100000457057710
100000881116243
100000923431452
100000374244301
100000361036193
100000927556404
100000543354750
100000111498428
100000907914677
100000769038996
100000707534248
100000881743569
100000613483168
100000782067494
100000744774157
100000981235987
100000635448465
100000821945519
100000604146311
100000225814992
100000427267433
100000349463918
100000621197821
100000739452883
100000501825307
100000637587809
100000714874722
100000189931095
100000229108078
100000136149217
100000321692316
100000545823984
100000165713460
100000386251654
100000662259805
100000497037853
100000995545168
100000445425619
100000623908941
100000290067466
100000805592355
100000985025075
100000338158147
100000560423062
100000920803220
100000899642543
100000532279910
100000369341943
100000899612954
100000363521494
100000856806315
100000342571737
100000784930319
100000266934826
100000375607639
100000863021738
100000470087225
100000509703491
100000603335590
100000822856953
100000514585980
100000542742259
100000437278992
100000226926228
100000928829716
100000906887395
100000176664560
100000569277337
100000958035159
100000730132260
100000268447353
100000413986295
100000576132541
100000264440728
100000357208743
100000806610672
100000279236482
100000713792983
100000714665386
100000226896990
100000739649852
100000717189412
100000736432354
100000583481416
100000481786497
100000680382262
100000813678580
100000364294500
100000635431284
100000929005467
100000688854336
100000623187209
100000162599980
100000235865158
100000941882967
100000409027574
100000841265131
100000197121520
100000554329563
100000276121617
100000430088022
100000470048787
100000971559937
100000429357267
100000452854821
100000659947798
100000112051488
100000436879086
100000294024528
100000671364382
100000595685335
100000988950077
100000273378068
100000617454726
100000483621756
100000149954749
100000803312645
100000451210176
100000993865616
100000347762821
100000457529011
100000528180899
100000816386818
100000282799058
100000578474489
100000529415025
100000548007112
100000597089210
100000468558350
100000717914546
100000574160529
100000135711094
100000339529063
100000970412361
100000543078502
100000923329576
100000275857800
100000211786316
100000866924840
100000206860512
100000517957955
100000811406996
100000407065048
100000231123076
100000556011753
100000232341534
100000275753576
100000774861703
100000637855408
100000968875831
100000848782827
100000964562457
100000696207689
100000748714450
100000782245474
100000768168243
100000887803207
100000519841394
100000911638180
100000655723407
100000414176715
100000526350375
100000461952547
100000978766028
100000569887644
100000844389166
100000322111816
100000851029156
100000871653432
100000437776563
100000901163244
100000682710519
100000521633542
100000811812949
100000911950179
100000666941502
100000211331748
100000830313418
100000923524596
100000184871155
100000457429133
100000811510104
100000878462313
100000458775472
100000456044228
100000373296581
100000784270630
100000726349098
100000431462364
100000914310586
100000564495191
100000458864958
100000209243111
100000922430581
100000784052944
100000885437862
100000182504959
100000565626047
100000455976337
100000945946176
100000679181065
100000511853657
100000500653722
100000708920249
100000971510076
100000558408183
100000152122999
100000536960844
100000932457063
100000255883518
100000328774813
100000932879978
100000834204157
100000654173099
100000925269685
100000674964270
100000594620509
100000477026511
100000965953603
100000679318382
100000490432443
100000739810631
100000449515847
100000980844651
100000189803984
100000183918399
100000359205905
100000707590953
100000338917640
100000733697636
100000300519915
100000245698061
100000492682167
100000809773842
100000780838052
100000758892424
100000376356612
100000984453207
100000343274170
100000364761551
100000896986368
100000899522481
100000332918786
100000785459929
100000548069085
100000181465357
100000788736529
100000701086857
100000720452082
100000666193083
100000917805543
100000685215205
100000749498292
100000935413455
100000677848682
100000784381878
100000672041087
100000235697354
100000726418767
100000803744103
100000973130067
100000705946009
100000129484593
100000370198549
100000972837116
100000158778293
100000595884813
100000698481481
100000191408442
100000961515806
100000711604134
100000243279145
100000661288984
100000185070689
100000598490480
100000419300943
100000159482703
100000932644073
100000246621573
100000299103790
100000353943545
100000237926461
100000269449203
100000302688524
100000671568226
100000265761547
100000766371854
100000242180320
100000295315396
100000445245847
100000982745751
100000149243575
100000370531773
100000277717077
100000795359673
100000280201181
100000482362490
100000341393764
100000124486863
100000210820894
100000498329812
100000238981825
100000877748486
100000908213662
100000441996958
100000133687154
100000155615847
100000498227129
100000964830953
100000805423848
100000899713309
100000117185786
100000146602462
100000529569869
100000361455598
100000543270597
100000390783675
100000432376155
100000357018481
100000666107406
100000590144768
100000239241680
100000794685094
100000907049704
100000610594082
100000473170960
100000762205306
100000339537472
100000956626351
100000146565088
100000685968430
100000665620633
100000623087048
100000176021562
100000160245365
100000828549852
100000347200985
100000285180861
100000114243122
100000134622941
100000345602892
100000251797250
100000985656971
100000617741561
100000655214673
100000402989649
100000715321379
100000226237874
100000277667279
100000941216984
100000968532283
100000530825699
100000204703176
100000604087279
100000229712369
100000749666009
100000321245072
100000699868723
100000113588731
100000254054587
100000820404271
100000216789292
100000286452004
100000462157495
100000120849563
100000808362395
100000638844023
100000239747056
100000834997159
100000970387377
100000639961089
100000209540485
100000188939701
100000857656976
100000507419414
100000591614913
100000876493129
100000767776847
100000655473666
100000207474314
100000702222188
100000616669348
100000569561605
100000242918634
100000245529564
100000776852223
100000694598110
100000924784195
100000744290637
100000593388806
100000486294301
100000624736884
100000125743145
100000660898086
100000126064369
100000762179413
100000541294777
100000568306507
100000209301754
100000336468198
100000479679275
100000727907481
100000625200656
100000678632298
100000693839505
100000687044785
100000399920056
100000715312154
100000777000991
100000628800919
100000372790451
100000332974536
100000322172609
100000674554189
100000413236182
100000828203415
100000713040398
100000878482629
100000142439990
100000453690446
100000944980620
100000212945954
100000421962328
100000972378730
100000143156007
100000620503804
100000368984865
100000372970961
100000242620920
100000224308128
100000695956937
100000355651081
100000485373024
100000637664986
100000452912891
100000516686963
100000748582339
100000943790366
100000625085757
100000663978543
100000221296428
100000570875265
100000454257741
100000913462594
100000678844983
100000668760072
100000879364289
100000718072400
100000627266042
100000218022700
100000801792036
100000769903156
100000272709263
100000487181776
100000370953492
100000933418707
100000784093853
100000977006426
100000844321060
100000404416955
100000432850978
100000141766620
100000826539542
100000903960456
100000175943647
100000511672844
100000289459534
100000141760067
100000677238036
100000790913621
100000353212303
100000386704908
100000729019618
100000994434165
100000526014787
100000894897147
100000233448968
100000882871231
100000356806402
100000615639246
100000774835819
100000187684115
100000613313273
100000798933871
100000303617665
100000974402382
100000395148681
100000293034167
100000334193322
100000716145925
100000663244040
100000531813981
100000120936336
100000452970903
100000764541469
100000612874753
100000307226058
100000470002274
100000833672055
100000336343511
100000844864593
100000689777103
100000795866519
100000183906987
100000175045444
100000209229222
100000708828258
100000520223843
100000306451075
100000512192769
100000308088146
100000710288393
100000874661561
100000133216981
100000915166589
100000368342746
100000136791822
100000473286981
100000844719253
100000945650483
100000270703975
100000534278884
100000215641452
100000566955196
100000907291433
100000230243674
100000718388070
100000510165599
100000553955371
100000567402270
100000167476354
100000967958305
100000481756797
100000282784484
100000305744002
100000235786248
100000312874511
100000622050349
100000234251032
100000132578778
100000453669657
100000464154586
100000362276505
100000841959660
100000488408362
100000295047443
100000650931329
100000888513182
100000740296970
100000532143305
100000895582944
100000166121808
100000215857856
100000636594871
100000411353450
100000836995436
100000615648924
100000859487640
100000830680800
100000920568576
100000398681181
100000858877062
100000349254315
100000303024745
100000928676713
100000725886255
100000704046436
100000166167403
100000327706523
100000637306786
100000593261792
100000547839946
100000302171564
100000646615776
100000560798626
100000877687434
100000339940517
100000906221619
100000311193750
100000511306372
100000457937989
100000757317858
100000687179537
100000111992749
100000738113030
100000450957595
100000343686376
100000556895300
100000607569256
100000203508308
100000268391511
100000389660017
100000181980044
100000545397893
100000700536506
100000942221744
100000521034679
100000552617683
100000967981134
100000399863582
100000203644224
100000762585968
100000555979759
100000198744141
100000516478890
100000524592607
100000253716004
100000632221221
100000331918770
100000471944200
100000842722384
100000944926662
100000910901400
100000670981155
100000951273787
100000854770105
100000141895241
100000641385627
100000598651834
100000147626769
100000210594986
100000213822828
100000583995948
100000155834763
100000358597497
100000278188551
100000783006324
100000984707078
100000358656049
100000455906320
100000680873296
100000412179749
100000192206397
100000407329773
100000536280950
100000939800783
100000897480329
100000617281096
100000902446428
100000407495211
100000935242235
100000817934644
100000275313781
100000733880037
100000344720097
100000395786189
100000462547262
100000309772104
100000316095663
100000152740470
100000534358692
100000390014235
100000335706827
100000911935632
100000400075704
100000586688276
100000264857625
100000538918624
100000735342548
100000622950379
100000790500409
100000184407033
100000921198286
100000269294218
100000140516955
100000438954711
100000751080825
100000285837521
100000847049111
100000513303421
100000779651119
100000791120793
100000366742813
100000689548055
100000666935944
100000292032550
100000805071581
100000999314546
100000918751992
100000865004323
100000959689164
100000654289077
100000231451706
100000453349407
100000648983830
100000703239612
100000325654962
100000989542792
100000514626665
100000189957823
100000161089180
100000950866951
100000732813185
100000345808445
100000638026451
100000459849986
100000451778261
100000180627547
100000815509504
100000505572602
100000418438513
100000880742806
100000361926921
100000571254418
100000709833313
100000573533414
100000913291359
100000509286772
100000560896536
100000208350735
100000427129160
100000268237451
100000982779753
100000438199434
100000784880998
100000503641903
100000175600103
100000338600656
100000611096811
100000950267113
100000302943133
100000815111473
100000125044759
100000496600790
100000619400740
100000511989052
100000813842122
100000609027448
100000247147018
100000453596644
100000768649460
100000643741705
100000825527272
100000814686150
100000185708351
100000218280856
100000153233928
100000556841980
100000519952681
100000566650388
100000210092138
100000870964207
100000216531711
100000115549558
100000414472382
100000947881545
100000799701081
100000117164876
100000502998650
100000868263745
100000468173175
100000934202926
100000770484425
100000772088780
100000304627966
100000484605819
100000656148690
100000778790462
100000226489219
100000605133315
100000966676026
100000495754771
100000933876259
100000908558681
100000545693922
100000170286151
100000161355554
100000723015131
100000794169264
100000389649415
100000526900956
100000426343684
100000356386505
100000753931199
100000461796320
100000603814392
100000932289674
100000398935508
100000384419701
100000915802031
100000908759936
100000910391684
100000130688332
100000353377281
100000215775805
100000591719087
100000264795406
100000684325221
100000284963384
100000143411820
100000374610919
100000208155551
100000116997478
100000202317964
100000818433983
100000498445287
100000128167748
100000959214490
100000538830319
100000348877270
100000195548764
100000272334570
100000922038630
100000886704375
100000631229123
100000744499915
100000332930723
100000406352601
100000855854897
100000816521181
100000529444427
100000819882170
100000181479421
100000970929054
100000782940904
100000732409289
100000984800747
100000936799156
100000929932290
100000894271907
100000863998642
100000577883630
100000787270470
100000625761075
100000772494181
100000887439677
100000190717696
100000353595830
100000466608167
100000965590823
100000358844430
100000374643604
100000717570786
100000829156881
100000317006099
100000615958148
100000792205830
100000238410899
100000199197659
100000524991248
100000776655230
100000348255100
100000522538959
100000170643625
100000853478419
100000399564506
100000231104511
100000682246646
100000739721619
100000381446619
100000403649253
100000264664214
100000180041620
100000760875867
100000125917530
100000184409575
100000818734626
100000758969614
100000745720273
100000520501558
100000280045261
100000812898709
100000879988492
100000314650257
100000724717211
100000612048889
100000597991912
100000734243153
100000257355319
100000260284415
100000928445130
100000290066001
100000928428329
100000928807497
100000511743398
100000621662024
100000644649262
100000821936175
100000401042569
100000147861630
100000124569006
100000241854845
100000587877648
100000135286023
100000558843577
100000808554543
100000833198620
100000275960987
100000765581707
100000687956627
100000428980860
100000399006184
100000907048212
100000204745989
100000225761694
100000795667633
100000737173133
100000909451106
100000662679807
100000545186659
100000533137631
100000881021618
100000772245712
100000803046926
100000875027952
100000834432583
100000965586859
100000997013896
100000817203828
100000764428819
100000142033492
100000587106102
100000577417196
100000774462621
100000877284105
100000187691001
100000320161507
100000757354539
100000539538474
100000583574583
100000729592722
100000285850527
100000307972517
100000564505133
100000606836088
100000318003096
100000608499230
100000656412986
100000864106517
100000778473706
100000741499819
100000282893672
100000655585753
100000496990988
100000196892872
100000509662061
100000728106203
100000555015498
100000290622935
100000478429982
100000618206456
100000231084740
100000634868019
100000539078837
100000675899978
100000695356496
100000944046065
100000937326149
100000963904032
100000408330488
100000308338501
100000488823471
100000829957130
100000205890746
100000349750571
100000182403697
100000904846925
100000395812245
100000977983263
100000121232609
100000193028172
100000381342688
100000640642475
100000513840231
100000673346022
100000927336727
100000510789681
100000264932930
100000250328129
100000758521924
100000898077325
100000559393599
100000243816837
100000180606822
100000362535839
100000541981249
100000728703285
100000941258616
100000185989081
100000343155048
100000839240295
100000229382601
100000432746718
100000261923997
100000307987416
100000595315588
100000989617796
100000659761263
100000160011333
100000910032249
100000248697034
100000818085431
100000682211753
100000139598814
100000206000095
100000949058453
100000832912990
100000483296090
100000785101362
100000374390896
100000141491550
100000636755198
100000555342290
100000684068803
100000201595975
100000436280540
100000433423810
100000155436541
100000344380124
100000596467102
100000291686203
100000618252809
100000594870508
100000472110346
100000263497422
100000143151709
100000668096062
100000183327831
100000544167315
100000830751003
100000937635519
100000205367753
100000241339762
100000203012251
100000356461892
100000510143542
100000827979103
100000476055801
100000205954184
100000783967106
100000293683082
100000264485322
100000415157300
100000716893840
100000159892399
100000231418427
100000183289042
100000971222260
100000736864130
100000577007996
100000374561443
100000880298976
100000873749886
100000458744024
100000476769207
100000747868228
100000747963676
100000631776852
100000195028975
100000835788649
100000914221292
100000197506649
100000559027506
100000903388310
100000143985155
100000696952136
100000956983775
100000956429273
100000262998182
100000164320296
100000200477622
100000699069533
100000949918351
100000406287354
100000616370659
100000484436160
100000345321390
100000707554979
100000670215789
100000972321460
100000618555250
100000747728097
100000330351645
100000498497642
100000399553032
100000625155023
100000741520374
100000544458333
100000647659090
100000753598719
100000599737009
100000298072470
100000271635277
100000807457185
100000725015659
100000689469999
100000340173095
100000829472473
100000683348424
100000132904247
100000154701521
100000679590170
100000519964714
100000803508810
100000892588359
100000222420060
100000878078672
100000646994298
100000895377744
100000215859959
100000348654047
100000556855751
100000664746525
100000661762688
100000919278616
100000136474445
100000841741249
100000971305898
100000322089048
100000913469901
100000740881719
100000470024406
100000772457957
100000237129462
100000570179193
100000604005046
100000669150375
100000146288780
100000605027151
100000545302676
100000532227894
100000961629956
100000960667801
100000148861584
100000922169688
100000800152048
100000564039839
100000923410537
100000412919992
100000223760436
100000844205843
100000968450801
100000834731776
100000892312967
100000268560277
100000907790071
100000699215200
100000491923384
100000461054047
100000234804043
100000462625932
100000964558986
100000748149182
100000366314566
100000600438084
100000760043181
100000428500177
100000292417795
100000921931961
100000251801334
100000647887031
100000824047653
100000150128817
100000551766531
100000645431216
100000770718585
100000243493338
100000342554786
100000157215121
100000628435041
100000522665576
100000949585875
100000721845130
100000688717636
100000744111568
100000492079620
100000298623272
100000571110226
100000526888732
100000791325008
100000768393104
100000760603286
100000591472053
100000198387114
100000489468241
100000519159609
100000395583182
100000240312335
100000855416982
100000941546115
100000884331479
100000297515718
100000804543081
100000939190660
100000810020835
100000958387141
100000952222377
100000594781871
100000621286640
100000615146475
100000701359282
100000836412877
100000556397570
100000463177528
100000511017566
100000943585129
100000736462490
100000113169312
100000209290747
100000654838518
100000608833186
100000248837436
100000894195837
100000986793645
100000904117497
100000946070779
100000654427279
100000121977376
100000144352398
100000261539135
100000263892584
100000259688448
100000596669954
100000595215594
100000841476004
100000767455768
100000310851033
100000150508804
100000857828642
100000717158549
100000468539398
100000147228726
100000598059133
100000979468693
100000527269852
100000785978619
100000593857085
100000130092007
100000969252450
100000948590744
100000389041213
100000719132268
100000505096425
100000202608083
100000474832884
100000193147249
100000987235272
100000662690004
100000195422658
100000210614863
100000792308711
100000443978458
100000574924930
100000202838758
100000222645194
100000719799637
100000974662813
100000642180917
100000991582137
100000531833365
100000912227146
100000722752737
100000935203455
100000122245809
100000905649059
100000437032460
100000141643908
100000436568718
100000859494137
100000216371662
100000115894406
100000423327000
100000889557837
100000148426326
100000530308821
100000136060790
100000752307864
100000975367346
100000574235410
100000850739275
100000714728996
100000825287108
100000296671537
100000183373507
100000378575428
100000310677618
100000233383727
100000616138720
100000883504091
100000918805654
100000765938025
100000859780224
100000448654033
100000278619170
100000727679776
100000571243236
100000725401548
100000818559554
100000357580344
100000594585027
100000723404467
100000515939215
100000814598369
100000735670136
100000763791571
100000756409172
100000561650093
100000917346389
100000887683635
100000893352275
100000981830867
100000932169289
100000878614735
100000925514878
100000564099946
100000527067418
100000284433575
100000684499232
100000654742404
100000462997412
100000576293363
100000337052815
100000794662122
100000914200284
100000632694070
100000742329671
100000559781784
100000269283604
100000418989080
100000311236725
100000973949335
100000322934267
100000440057376
100000715058071
100000312023565
100000374497710
100000817504428
100000887207237
100000198927329
100000670581069
100000852541727
100000990337684
100000332590071
100000908770812
100000747875707
100000560926198
100000496266145
100000366700164
100000675516797
100000196369472
100000587000348
100000550997670
100000381798723
100000888614999
100000531301841
100000771683583
100000852827018
100000367531853
100000559561501
100000161133829
100000962457627
100000646897095
100000174277750
100000909178164
100000135988315
100000473917791
100000604387833
100000926898770
100000948803298
100000922918611
100000659035566
100000843562904
100000931340236
100000715180493
100000986840661
100000666769579
100000482508781
100000508616839
